7.50833864471279e-07
7.66000552543389e-07
7.81473580735437e-07
7.97259135709716e-07
8.13363528417987e-07
8.29793198209305e-07
8.46554713607173e-07
8.63654775917766e-07
8.81100222505094e-07
8.98898027568151e-07
9.17055306692838e-07
9.35579319627511e-07
9.54477471337700e-07
9.73757317723756e-07
9.93426565842892e-07
1.01349307979337e-06
1.03396488082552e-06
1.05485015344797e-06
1.07615724670440e-06
1.09789467833687e-06
1.12007113733936e-06
1.14269548956436e-06
1.16577677850005e-06
1.18932423026630e-06
1.21334725811106e-06
1.23785546418675e-06
1.26285864493481e-06
1.28836679491595e-06
1.31439010925272e-06
1.34093898984666e-06
1.36802404820946e-06
1.39565610973724e-06
1.42384621859559e-06
1.45260564143879e-06
1.48194587296091e-06
1.51187863861590e-06
1.54241590172299e-06
1.57356986618673e-06
1.60535298249220e-06
1.63777795192388e-06
1.67085773250530e-06
1.70460554343999e-06
1.73903487044047e-06
1.77415947155701e-06
1.80999338256216e-06
1.84655092161368e-06
1.88384669663755e-06
1.92189560915823e-06
1.96071286262534e-06
2.00031396557776e-06
2.04071474085854e-06
2.08193132916756e-06
2.12398019761029e-06
2.16687814519334e-06
2.21064230893075e-06
2.25529017294779e-06
2.30083957236671e-06
2.34730870302124e-06
2.39471612717423e-06
2.44308078117816e-06
2.49242198402389e-06
2.54275944300275e-06
2.59411326369863e-06
2.64650395670474e-06
2.69995244578380e-06
2.75448007719392e-06
2.81010862634989e-06
2.86686030875893e-06
2.92475778723711e-06
2.98382418073562e-06
3.04408307555404e-06
3.10555853166861e-06
3.16827509505568e-06
3.23225780607395e-06
3.29753220934537e-06
3.36412436424682e-06
3.43206085545722e-06
3.50136880294949e-06
3.57207587320385e-06
3.64421029014350e-06
3.71780084568174e-06
3.79287691215646e-06
3.86946845343239e-06
3.94760603633637e-06
4.02732084425761e-06
4.10864468708416e-06
4.19161001680157e-06
4.27624993748488e-06
4.36259822023111e-06
4.45068931648196e-06
4.54055836979217e-06
4.63224123303796e-06
4.72577447874212e-06
4.82119541678205e-06
4.91854210765697e-06
5.01785337714278e-06
5.11916883277896e-06
5.22252887907859e-06
5.32797473273838e-06
5.43554844023575e-06
5.54529289353845e-06
5.65725184703547e-06
5.77146993552269e-06
5.88799269080065e-06
6.00686656071492e-06
6.12813892658659e-06
6.25185812236362e-06
6.37807345349462e-06
6.50683521646878e-06
6.63819471868887e-06
6.77220429823322e-06
6.90891734528298e-06
7.04838832221721e-06
7.19067278581731e-06
7.33582740830574e-06
7.48391000071624e-06
7.63497953426562e-06
7.78909616511170e-06
7.94632125639128e-06
8.10671740308910e-06
8.27034845740648e-06
8.43727955157636e-06
8.60757712600746e-06
8.78130895337614e-06
8.95854416627095e-06
9.13935328350490e-06
9.32380823864820e-06
9.51198240750628e-06
9.70395063648599e-06
9.89978927284918e-06
1.00995761938560e-05
1.03033908374628e-05
1.05113142330193e-05
1.07234290334102e-05
1.09398195463073e-05
1.11605717685315e-05
1.13857734185263e-05
1.16155139700536e-05
1.18498846884418e-05
1.20889786651701e-05
1.23328908536169e-05
1.25817181073074e-05
1.28355592160512e-05
1.30945149456330e-05
1.33586880758929e-05
1.36281834403618e-05
1.39031079683383e-05
1.41835707248017e-05
1.44696829528224e-05
1.47615581174709e-05
1.50593119485620e-05
1.53630624855072e-05
1.56729301244440e-05
1.59890376610350e-05
1.63115103421485e-05
1.66404759104899e-05
1.69760646561157e-05
1.73184094641732e-05
1.76676458689684e-05
1.80239121025383e-05
1.83873491500508e-05
1.87581008030957e-05
1.91363137138634e-05
1.95221374533205e-05
1.99157245646675e-05
2.03172306258437e-05
2.07268143055384e-05
2.11446374248636e-05
2.15708650190827e-05
2.20056653993383e-05
2.24492102177676e-05
2.29016745314503e-05
2.33632368695780e-05
2.38340792998448e-05
2.43143874985030e-05
2.48043508193629e-05
2.53041623661243e-05
2.58140190637635e-05
2.63341217336954e-05
2.68646751684920e-05
2.74058882091532e-05
2.79579738226565e-05
2.85211491818371e-05
2.90956357469896e-05
2.96816593474136e-05
3.02794502663462e-05
3.08892433256158e-05
3.15112779740168e-05
3.21457983749052e-05
3.27930534966270e-05
3.34532972052215e-05
3.41267883575136e-05
3.48137908956492e-05
3.55145739455720e-05
3.62294119143347e-05
3.69585845912956e-05
3.77023772497043e-05
3.84610807518948e-05
3.92349916529811e-05
4.00244123112126e-05
4.08296509956108e-05
4.16510219978239e-05
4.24888457458139e-05
4.33434489197082e-05
4.42151645675404e-05
4.51043322266531e-05
4.60112980436578e-05
4.69364148982798e-05
4.78800425289805e-05
4.88425476607990e-05
4.98243041350266e-05
5.08256930407125e-05
5.18471028496670e-05
5.28889295529078e-05
5.39515767981058e-05
5.50354560311384e-05
5.61409866405849e-05
5.72685961014452e-05
5.84187201229103e-05
5.95918028012954e-05
6.07882967688655e-05
6.20086633520423e-05
6.32533727275564e-05
6.45229040817097e-05
6.58177457746878e-05
6.71383955038185e-05
6.84853604721036e-05
6.98591575571395e-05
7.12603134851997e-05
7.26893650044302e-05
7.41468590647609e-05
7.56333529966513e-05
7.71494146944440e-05
7.86956228021607e-05
8.02725669020177e-05
8.18808477045518e-05
8.35210772427431e-05
8.51938790685236e-05
8.68998884509531e-05
8.86397525783900e-05
9.04141307627726e-05
9.22236946466759e-05
9.40691284125328e-05
9.59511289953530e-05
9.78704062983837e-05
9.98276834092704e-05
0.000101823696822323
0.000103859196660117
0.000105934946899866
0.000108051725601799
0.000110210325139470
0.000112411552433522
0.000114656229188215
0.000116945192128792
0.000119279293243846
0.000121659400026952
0.000124086395724754
0.000126561179582707
0.000129084667097601
0.000131657790268580
0.000134281497853384
0.000136956755623918
0.000139684546626662
0.000142465871442732
0.000145301748450566
0.000148193214091319
0.000151141323134874
0.000154147148947348
0.000157211783760602
0.000160336338943801
0.000163521945273803
0.000166769753210505
0.000170080933168781
0.000173456675794603
0.000176898192240094
0.000180406714440307
0.000183983495388729
0.000187629809414946
0.000191346952459648
0.000195136242352900
0.000198999019088486
0.000202936645099017
0.000206950505531212
0.000211042008518569
0.000215212585451596
0.000219463691249699
0.000223796804627918
0.000228213428362267
0.000232715089553914
0.000237303339887252
0.000241979755888189
0.000246745939176229
0.000251603516713883
0.000256554141050192
0.000261599490562092
0.000266741269686011
0.000271981209149619
0.000277321066190717
0.000282762624775779
0.000288307695806012
0.000293958117319859
0.000299715754682739
0.000305582500772950
0.000311560276154033
0.000317651029238419
0.000323856736440642
0.000330179402319164
0.000336621059704667
0.000343183769817235
0.000349869622368826
0.000356680735651760
0.000363619256611325
0.000370687360903565
0.000377887252934916
0.000385221165884408
0.000392691361707942
0.000400300131120801
0.000408049793562015
0.000415942697135296
0.000423981218526992
0.000432167762901781
0.000440504763771721
0.000448994682840098
0.000457640009817017
0.000466443262208127
0.000475406985070148
0.000484533750740424
0.000493826158527944
0.000503286834375227
0.000512918430482900
0.000522723624897137
0.000532705121060073
0.000542865647319424
0.000553207956397517
0.000563734824816309
0.000574449052279880
0.000585353461007909
0.000596450895023304
0.000607744219388917
0.000619236319394145
0.000630930099685734
0.000642828483346236
0.000654934410913355
0.000667250839341105
0.000679780740899305
0.000692527102012175
0.000705492922028594
0.000718681211928862
0.000732094992959564
0.000745737295199000
0.000759611156049334
0.000773719618652746
0.000788065730229326
0.000802652540337956
0.000817483099052330
0.000832560455055253
0.000847887653645352
0.000863467734656953
0.000879303730287773
0.000895398662835334
0.000911755542338411
0.000928377364121436
0.000945267106239767
0.000962427726825144
0.000979862161326117
0.000997573319646061
0.00101556408317233
0.00103383730169826
0.00105239579023303
0.00107124232570138
0.00109037964352748
0.00110981043410530
0.00112953733915067
0.00114956294793639
0.00116988979340793
0.00119052034817746
0.00121145702039860
0.00123270214951771
0.00125425800190382
0.00127612676635142
0.00129831054946972
0.00132081137093426
0.00134363115862274
0.00136677174364974
0.00139023485521111
0.00141402211541641
0.00143813503386342
0.00146257500227714
0.00148734328875155
0.00151244103240805
0.00153786923681337
0.00156362876505584
0.00158972033285298
0.00161614450341629
0.00164290168129433
0.00166999210153374
0.00169741583300131
0.00172517275868100
0.00175326259200409
0.00178168480972757
0.00181043877121345
0.00183952356060324
0.00186893801925353
0.00189868089542050
0.00192875077762072
0.00195914551573534
0.00198986351794012
0.00202090197332699
0.00205225918526814
0.00208393088747860
0.00211591470034556
0.00214820794857223
0.00218081067298903
0.00221370980185420
0.00224690634654101
0.00228039133682018
0.00231416707484611
0.00234822430649101
0.00238257330079927
0.00241718191691637
0.00245210253667155
0.00248718591153257
0.00252266187521127
0.00255819066242108
0.00259391499183165
0.00262994403964056
0.00266678729501624
0.00270306518916857
0.00273912192792269
0.00277648975544764
0.00281386584779281
0.00285244514574007
0.00288862514060090
0.00292624094519556
0.00296290633320828
0.00300616495774708
0.00304561750054427
0.00307800955911813
0.00311621605800255
0.00313689735022471
0.00318737514992551
0.00325433664139707
0.00326062850255526
0.00330814742296465
0.00334660630384914
0.00345058183648955
0.00350767653308559
0.00343219017307911
0.00350010499816061
0.00331760026497746
0.00357636664921246
0.00389230405870228
0.00321613196626258
0.00358291777652414
0.00305420125134365
0.00360596851388917
0.00380073411480886
0.00258528955933568
0.00387314028002722
0.00390870076321387
0.00394376050517264
0.00397825888997971
0.00672259333103920
0.00404530635004191
0.00798999355122271
-0.00207883238895334
0.00428144354520854
-0.00230071217203615
0.00229737041265776
-0.00184964941657489
0.00411206690434834
-0.00480593777481186
-0.00655204153692779
0.000926101521374567
0.00402674635647737
0.00398549424973771
0.0196381142206773
0.0212692224826863
0.0430311481675513
-0.00106794782163971
-0.0266578819969914
0.0565445874160535
0.0284542877958104
-0.00648472096341729
-0.0838605386023674
-0.0531020442607268
0.0903399930032334
0.0204104379457776
-0.0944582140630617
-0.0511373080435165
0.148699844898785
-0.139788344101951
-0.0593730929123987
-0.0868168173024913
-0.00474296391908535
0.154322811067164
-0.137651700486898
0.0709774435754038
-0.0665067456175420
0.288674128329500
-0.0522255969946303
0.0153260101453562
0.157803164779505
-0.0730397272478683
0.0712669513940549
0.0892053252905354
0.000653088027277815
0.00573795986604653
-0.0452672983010211
-0.0874787260987407
-0.0745633737310901
-0.104827780000101
-0.00985827603601042
-0.0586312483430086
0.0429955249837509
-0.0101674468210192
0.00475837837561210
0.0297495329318233
-0.0573136669868504
0.00945626679061129
0.0242871988786205
0.0430311481675512
-0.000373347842269278
0.00158575102170466
0.000292109790903106
-0.0101071657756190
0.0169292877530274
0.0154050160765178
0.00297563212925955
0.00308734846917980
0.00370809107125258
0.00229737041265765
0.00543250203614398
0.00268629689580613
0.00413811829807476
0.00405679476594356
0.000150649008410664
0.00346712250193149
0.00351556943657505
0.00355268149515919
0.00543629056010020
0.00512498523824889
0.00360710210864668
0.00277892156549797
0.00443671404571133
0.00372693004321079
0.00358291777652420
0.00321613196626258
0.00389230405870222
0.00357636664921235
0.00349209920168836
0.00346302934011178
0.00346181977072380
0.00339988285206805
0.00336636668144363
0.00333186388373508
0.00330814742296459
0.00329983416894331
0.00320111148735391
0.00319285286621562
0.00315027015324254
0.00310284325498478
0.00308563332027179
0.00303227218238911
0.00300188829850911
0.00296399924270541
0.00292305719545460
0.00288800772044950
0.00285116314136580
0.00281480488786179
0.00277580471632966
0.00273961964439307
0.00270342533872714
0.00266642714545762
0.00263013032687853
0.00259410127906934
0.00255832382449017
0.00252259466025884
0.00248720566378846
0.00245206915813156
0.00241715853876467
0.00238257330079938
0.00234822430649095
0.00231418624143243
0.00228039133682012
0.00224690264032967
0.00221370862863446
0.00218080894888451
0.00214820911731717
0.00211591548939127
0.00208393088747871
0.00205225883000792
0.00202090197332694
0.00198986351794017
0.00195914535837405
0.00192875060495568
0.00189868094041179
0.00186893804865240
0.00183952353120442
0.00181043875881370
0.00178168480972762
0.00175326259200403
0.00172517276053197
0.00169741583180749
0.00166999210230034
0.00164290168213799
0.00161614450479142
0.00158972033318638
0.00156362876538918
0.00153786923660504
0.00151244103227843
0.00148734328870193
0.00146257500225810
0.00143813503389389
0.00141402211541641
0.00139023485522249
0.00136677174364275
0.00134363115862945
0.00132081137093176
0.00129831054947127
0.00127612676635225
0.00125425800190360
0.00123270214951787
0.00121145702039849
0.00119052034817746
0.00116988979340804
0.00114956294793633
0.00112953733915067
0.00110981043410519
0.00109037964352754
0.00107124232570133
0.00105239579023309
0.00103383730169826
0.00101556408317238
0.000997573319646006
0.000979862161326062
0.000962427726825199
0.000945267106239767
0.000928377364121436
0.000911755542338466
0.000895398662835278
0.000879303730287773
0.000863467734656953
0.000847887653645296
0.000832560455055309
0.000817483099052274
0.000802652540337956
0.000788065730229381
0.000773719618652691
0.000759611156049500
0.000745737295198889
0.000732094992959564
0.000718681211928862
0.000705492922028816
0.000692527102012175
0.000679780740899361
0.000667250839340827
0.000654934410913355
0.000642828483346292
0.000630930099685734
0.000619236319394090
0.000607744219388917
0.000596450895023248
0.000585353461007965
0.000574449052279880
0.000563734824816531
0.000553207956397239
0.000542865647319535
0.000532705121060073
0.000522723624897026
0.000512918430483067
0.000503286834375283
0.000493826158527777
0.000484533750740424
0.000475406985070315
0.000466443262208016
0.000457640009817073
0.000448994682839987
0.000440504763771776
0.000432167762901781
0.000423981218526937
0.000415942697135296
0.000408049793562015
0.000400300131120801
0.000392691361707942
0.000385221165884353
0.000377887252934972
0.000370687360903621
0.000363619256611325
0.000356680735651649
0.000349869622368937
0.000343183769817124
0.000336621059704667
0.000330179402319164
0.000323856736440753
0.000317651029238419
0.000311560276153977
0.000305582500772950
0.000299715754682794
0.000293958117319804
0.000288307695806012
0.000282762624775779
0.000277321066190717
0.000271981209149619
0.000266741269685955
0.000261599490562148
0.000256554141050192
0.000251603516713828
0.000246745939176285
0.000241979755888133
0.000237303339887252
0.000232715089554025
0.000228213428362212
0.000223796804627918
0.000219463691249699
0.000215212585451652
0.000211042008518514
0.000206950505531212
0.000202936645099072
0.000198999019088486
0.000195136242352900
0.000191346952459592
0.000187629809414891
0.000183983495388729
0.000180406714440418
0.000176898192240094
0.000173456675794492
0.000170080933168837
0.000166769753210505
0.000163521945273803
0.000160336338943856
0.000157211783760491
0.000154147148947459
0.000151141323134762
0.000148193214091430
0.000145301748450510
0.000142465871442732
0.000139684546626717
0.000136956755623863
0.000134281497853439
0.000131657790268580
0.000129084667097601
0.000126561179582652
0.000124086395724810
0.000121659400026841
0.000119279293243846
0.000116945192128792
0.000114656229188270
0.000112411552433578
0.000110210325139359
0.000108051725601799
0.000105934946899922
0.000103859196660117
0.000101823696822323
9.98276834092149e-05
9.78704062983837e-05
9.59511289954085e-05
9.40691284124773e-05
9.22236946467869e-05
9.04141307627171e-05
8.86397525783345e-05
8.68998884510086e-05
8.51938790685791e-05
8.35210772427431e-05
8.18808477045518e-05
8.02725669020177e-05
7.86956228020497e-05
7.71494146944995e-05
7.56333529966513e-05
7.41468590647054e-05
7.26893650044858e-05
7.12603134851442e-05
6.98591575571950e-05
6.84853604721036e-05
6.71383955038740e-05
6.58177457746323e-05
6.45229040816542e-05
6.32533727276119e-05
6.20086633520423e-05
6.07882967689211e-05
5.95918028012399e-05
5.84187201229103e-05
5.72685961014452e-05
5.61409866405294e-05
5.50354560311384e-05
5.39515767981058e-05
5.28889295530188e-05
5.18471028496670e-05
5.08256930407125e-05
4.98243041349156e-05
4.88425476607990e-05
4.78800425289805e-05
4.69364148982798e-05
4.60112980437133e-05
4.51043322267086e-05
4.42151645675404e-05
4.33434489196527e-05
4.24888457458694e-05
4.16510219978239e-05
4.08296509954997e-05
4.00244123113236e-05
3.92349916529255e-05
3.84610807518948e-05
3.77023772496488e-05
3.69585845914067e-05
3.62294119142792e-05
3.55145739455720e-05
3.48137908956492e-05
3.41267883575691e-05
3.34532972051660e-05
3.27930534965715e-05
3.21457983749607e-05
3.15112779740723e-05
3.08892433256158e-05
3.02794502662351e-05
2.96816593474691e-05
2.90956357469341e-05
2.85211491819481e-05
2.79579738226010e-05
2.74058882091532e-05
2.68646751684365e-05
2.63341217336954e-05
2.58140190638745e-05
2.53041623661243e-05
2.48043508193074e-05
2.43143874985030e-05
2.38340792998448e-05
2.33632368695780e-05
2.29016745314503e-05
2.24492102177676e-05
2.20056653993383e-05
2.15708650190827e-05
2.11446374248636e-05
2.07268143055384e-05
2.03172306258992e-05
1.99157245646120e-05
1.95221374532650e-05
1.91363137138634e-05
1.87581008030957e-05
1.83873491501618e-05
1.80239121024828e-05
1.76676458689684e-05
1.73184094641732e-05
1.69760646561157e-05
1.66404759104344e-05
1.63115103422040e-05
1.59890376609795e-05
1.56729301244996e-05
1.53630624855072e-05
1.50593119485620e-05
1.47615581175264e-05
1.44696829527113e-05
1.41835707248017e-05
1.39031079684493e-05
1.36281834403063e-05
1.33586880758374e-05
1.30945149456885e-05
1.28355592160512e-05
1.25817181072518e-05
1.23328908536724e-05
1.20889786652256e-05
1.18498846883863e-05
1.16155139699980e-05
1.13857734185263e-05
1.11605717685315e-05
1.09398195463628e-05
1.07234290334102e-05
1.05113142330193e-05
1.03033908375183e-05
1.00995761938005e-05
9.89978927279367e-06
9.70395063659701e-06
9.51198240750628e-06
9.32380823859269e-06
9.13935328350490e-06
8.95854416627095e-06
8.78130895332063e-06
8.60757712606297e-06
8.43727955157636e-06
8.27034845740648e-06
8.10671740314461e-06
7.94632125633576e-06
7.78909616516721e-06
7.63497953415460e-06
7.48391000082727e-06
7.33582740819472e-06
7.19067278587282e-06
7.04838832221721e-06
6.90891734522747e-06
6.77220429823322e-06
6.63819471879990e-06
6.50683521641327e-06
6.37807345349462e-06
6.25185812241913e-06
6.12813892653108e-06
6.00686656071492e-06
5.88799269085616e-06
5.77146993552269e-06
5.65725184697996e-06
5.54529289353845e-06
5.43554844023575e-06
5.32797473273838e-06
5.22252887913410e-06
5.11916883272345e-06
5.01785337714278e-06
4.91854210760145e-06
4.82119541689308e-06
4.72577447863110e-06
4.63224123303796e-06
4.54055836984768e-06
4.45068931653747e-06
4.36259822023111e-06
4.27624993748488e-06
4.19161001674606e-06
4.10864468702865e-06
4.02732084436863e-06
3.94760603628086e-06
3.86946845343239e-06
3.79287691210095e-06
3.71780084573725e-06
3.64421029008799e-06
3.57207587331487e-06
3.50136880289398e-06
3.43206085551273e-06
3.36412436419131e-06
3.29753220928986e-06
3.23225780607395e-06
3.16827509516671e-06
3.10555853166861e-06
3.04408307549853e-06
2.98382418073562e-06
2.92475778729262e-06
2.86686030870342e-06
2.81010862634989e-06
2.75448007724943e-06
2.69995244572829e-06
2.64650395676025e-06
2.59411326364312e-06
2.54275944300275e-06
2.49242198402389e-06
2.44308078123368e-06
2.39471612717423e-06
2.34730870296573e-06
2.30083957242222e-06
2.25529017283677e-06
2.21064230898627e-06
2.16687814513783e-06
2.12398019772131e-06
2.08193132911205e-06
2.04071474085854e-06
2.00031396557776e-06
1.96071286262534e-06
1.92189560910272e-06
1.88384669663755e-06
1.84655092172470e-06
1.80999338250665e-06
1.77415947155701e-06
1.73903487044047e-06
1.70460554349550e-06
1.67085773239428e-06
1.63777795192388e-06
1.60535298254771e-06
1.57356986618673e-06
1.54241590166748e-06
1.51187863872693e-06
1.48194587290540e-06
1.45260564143879e-06
1.42384621859559e-06
1.39565610979275e-06
1.36802404815395e-06
1.34093898984666e-06
1.31439010930823e-06
1.28836679480493e-06
1.26285864499032e-06
1.23785546413124e-06
1.21334725822209e-06
1.18932423021079e-06
1.16577677844454e-06
1.14269548956436e-06
1.12007113739487e-06
1.09789467828136e-06
1.07615724675991e-06
1.05485015344797e-06
1.03396488082552e-06
1.01349307979337e-06
9.93426565898403e-07
9.73757317668245e-07
9.54477471282189e-07
9.35579319683022e-07
9.17055306692838e-07
8.98898027568151e-07
8.81100222560605e-07
8.63654775917766e-07
8.46554713551662e-07
8.29793198264817e-07
8.13363528306965e-07
7.97259135820738e-07
7.81473580735437e-07
7.66000552543389e-07
7.50833864415768e-07
